71291 
25880 
16859 
67424 
81324 
73220 
7169 
98737 
15997 
60230 
71836 
60147 
83625 
46207 
86032 
7374 
49454 
6109 
10372 
82101 
52685 
5788 
56741 
71685 
6819 
94112 
66728 
95987 
21799 
23745 
1559 
85687 
78357 
43968 
31582 
58549 
57493 
64123 
92187 
51775 
56576 
17057 
21523 
95816 
3177 
92937 
98203 
85164 
41770 
49993 
6952 
96740 
65193 
61439 
46245 
98848 
83847 
23493 
31596 
5544 
74163 
37776 
71972 
6585 
78679 
921 
84741 
34808 
16879 
40132 
23488 
2148 
9882 
36433 
27396 
92025 
58070 
73078 
88724 
96499 
5926 
82771 
15537 
19949 
17332 
15118 
8447 
10895 
80558 
75627 
4356 
28796 
95772 
66741 
42016 
74902 
40919 
6539 
76671 
84523 
70806 
89852 
81858 
32884 
79347 
21636 
55311 
69244 
3696 
84230 
63762 
7485 
40423 
85921 
73745 
58455 
48574 
88635 
86469 
30031 
37119 
50728 
48402 
43845 
21076 
75805 
3192 
44201 
59701 
14060 
67783 
46914 
68819 
84527 
13830 
71926 
25973 
50211 
63766 
79678 
3240 
11243 
84131 
32598 
87006 
85389 
50899 
49068 
70456 
30112 
95327 
33094 
83338 
83938 
19851 
72536 
88509 
79142 
65905 
79200 
31801 
71533 
80369 
73706 
44431 
11319 
66851 
1958 
18172 
87173 
68471 
94568 
46012 
86671 
94581 
98325 
69192 
25679 
43980 
82780 
93686 
76849 
78496 
18259 
1482 
97241 
22687 
26389 
46978 
30625 
64478 
41175 
71549 
23592 
16176 
2962 
56313 
7361 
90379 
55026 
25236 
74644 
22733 
7662 
10944 
93431 
78956 
97579 
39347 
90813 
33957 
80087 
65598 
4094 
80780 
63671 
74305 
26054 
84296 
10894 
30207 
53636 
2514 
92374 
19733 
71370 
28095 
68870 
72590 
49483 
29541 
82862 
8415 
60352 
89877 
27647 
41039 
8399 
96978 
13981 
26281 
76911 
13337 
98719 
11748 
5640 
37248 
30150 
15457 
64555 
69574 
14956 
38266 
18817 
18460 
18952 
44247 
77161 
50312 
78493 
16186 
50227 
12113 
76242 
51984 
12298 
7486 
86424 
39710 
41286 
58980 
2533 
83099 
94707 
22115 
57945 
65095 
98300 
6220 
58637 
69046 
43791 
21532 
29544 
55691 
64682 
76562 
87417 
95638 
55178 
62410 
61501 
53956 
87874 
38916 
29485 
69231 
32347 
57654 
65759 
45451 
72419 
39330 
66845 
39963 
46926 
14422 
72119 
29706 
61343 
94647 
74525 
85548 
58260 
75527 
20258 
90293 
77440 
10856 
4773 
82804 
57306 
1622 
8639 
50980 
29578 
96771 
98569 
91422 
61381 
39094 
55081 
19083 
47598 
15609 
4352 
52006 
18695 
27759 
84041 
12450 
3216 
66944 
39143 
62960 
51989 
61356 
51349 
1432 
61327 
26607 
9407 
16486 
93297 
11095 
24183 
71795 
32282 
10347 
24152 
54000 
68515 
8072 
52295 
42406 
76088 
98913 
66803 
8074 
51169 
62754 
67562 
99238 
52005 
81223 
6936 
17641 
11105 
63940 
26588 
67439 
35039 
85620 
82251 
51240 
98608 
91077 
96125 
12892 
19997 
97290 
35249 
95373 
80281 
16966 
7140 
40800 
50856 
56760 
98825 
63701 
60873 
28819 
16667 
37009 
48437 
71547 
97871 
72772 
87531 
26443 
95079 
33578 
42819 
40134 
44332 
97983 
50629 
12787 
76003 
78989 
18328 
17386 
13046 
55095 
93424 
78088 
84299 
45205 
41530 
5841 
92091 
82260 
25643 
95618 
32587 
90936 
82674 
34745 
11293 
45018 
63017 
57890 
35946 
43352 
33477 
1172 
80274 
91122 
25727 
77427 
86400 
74831 
95356 
64640 
30364 
67930 
49436 
88529 
71655 
31426 
78481 
97566 
42992 
44707 
55465 
67382 
32719 
69271 
57679 
46322 
47774 
26801 
95882 
68504 
58216 
7479 
93895 
10799 
9471 
8937 
54180 
72268 
41748 
60931 
89879 
47927 
99643 
17983 
40359 
54853 
30145 
28437 
6528 
7647 
2644 
11320 
90011 
41448 
7407 
55829 
71623 
95602 
93667 
61677 
56820 
36030 
66915 
64087 
46768 
59814 
54462 
3108 
56199 
22643 
74205 
22160 
89703 
69857 
65861 
8014 
99802 
44462 
6317 
36734 
53406 
67064 
16965 
58133 
35673 
96563 
1460 
26745 
36251 
38373 
20943 
42748 
42234 
94459 
60368 
80450 
57985 
22261 
27444 
86245 
69094 
42649 
37895 
73612 
52650 
75338 
79614 
23657 
87905 
65903 
58038 
15172 
12954 
39531 
39320 
29945 
79747 
78874 
84645 
68087 
79783 
27651 
10641 
42525 
67128 
48024 
73404 
56953 
19803 
20130 
10257 
81961 
17505 
59500 
55288 
95525 
26699 
25667 
54255 
52777 
57745 
82430 
60942 
66522 
47900 
64434 
23403 
61430 
64509 
96310 
46315 
60472 
95564 
64819 
32919 
11162 
81091 
44420 
87352 
24394 
60375 
55860 
28366 
8745 
18208 
55918 
65037 
72744 
46632 
51939 
51296 
74940 
61582 
39723 
84207 
4515 
90215 
37939 
18634 
58082 
60836 
62781 
65186 
36264 
43279 
64173 
39221 
94187 
34629 
91842 
78146 
60101 
67666 
73769 
69626 
82526 
58586 
31024 
11493 
53036 
17186 
1085 
74822 
56824 
56193 
54620 
86500 
24871 
11170 
36737 
33103 
36024 
22744 
53749 
54922 
98564 
68338 
58518 
22719 
89269 
84883 
50932 
85637 
27734 
27834 
46055 
55919 
68963 
1059 
30323 
12119 
76976 
18032 
93558 
28544 
5981 
75840 
25151 
5695 
1656 
7680 
5590 
28110 
75603 
76047 
99987 
55537 
57044 
6287 
97776 
20032 
80379 
62605 
2337 
968 
25536 
71463 
15534 
36697 
39806 
58116 
6607 
97710 
45522 
88021 
82358 
34743 
3429 
92277 
14517 
66778 
52586 
31537 
59883 
76332 
37193 
19858 
98538 
42914 
66861 
98610 
12847 
70744 
84085 
38874 
23739 
55551 
84107 
79774 
86627 
91867 
39598 
77282 
4807 
4221 
56545 
30143 
63497 
77097 
55628 
28568 
15575 
47151 
12872 
44951 
39622 
79200 
21971 
99635 
20503 
85717 
78813 
54689 
22474 
95384 
10061 
64616 
31285 
67518 
48065 
40432 
7479 
9932 
15977 
50328 
67768 
77851 
98845 
1456 
90752 
45507 
24063 
35791 
67692 
23192 
54190 
94731 
60481 
71928 
92106 
31201 
84125 
66358 
72101 
62958 
30173 
87986 
77807 
28340 
40285 
49244 
25194 
74068 
27739 
793 
38497 
50626 
12109 
30400 
23386 
84014 
75804 
57771 
65771 
43915 
91822 
16558 
84467 
38272 
6674 
28543 
1704 
61657 
2435 
5821 
11765 
580 
51326 
43822 
37904 
40571 
40067 
25210 
73061 
33023 
60081 
87389 
35963 
98457 
38239 
34730 
95959 
5442 
7427 
7525 
70741 
80151 
90874 
55764 
22691 
15549 
28659 
50666 
40770 
86941 
73694 
66821 
75082 
88473 
71340 
69898 
8112 
4368 
94477 
87603 
28866 
36451 
43086 
13338 
31944 
65647 
77107 
25624 
39573 
87351 
39605 
828 
5222 
44862 
32769 
73488 
14027 
46203 
1860 
13764 
84215 
43261 
17412 
20071 
51352 
47461 
8623 
75240 
86813 
12320 
24858 
31200 
67359 
85314 
35102 
36863 
49326 
24437 
78348 
45136 
89396 
34240 
90817 
76175 
28642 
72771 
53203 
9531 
64354 
33008 
42177 
81732 
33485 
68688 
64471 
63729 
22984 
70517 
45054 
87702 
38305 
82770 
82145 
85253 
83521 
17636 
77594 
26288 
84557 
82019 
77614 
39840 
84534 
1501 
5445 
98123 
24425 
77719 
53985 
9166 
62345 
54252 
96107 
73909 
32207 
64993 
18739 
60164 
98645 
53361 
2231 
11228 
85611 
62517 
9236 
80176 
80707 
60788 
93133 
5485 
43654 
7153 
45682 
95593 
25438 
40602 
17835 
82706 
55970 
4508 
10040 
57784 
55045 
25814 
31442 
90999 
11482 
27659 
24890 
93908 
77964 
78528 
44957 
76599 
36171 
27527 
84582 
28934 
99541 
59061 
4848 
1925 
88792 
17271 
1356 
22447 
21699 
22034 
77122 
72503 
