40653 
55662 
16858 
74122 
91810 
16189 
79970 
22854 
76732 
13740 
29508 
23785 
16746 
54919 
76206 
47082 
69612 
97336 
51428 
2688 
16737 
11477 
60636 
28342 
38480 
97903 
34287 
32039 
69200 
62100 
59403 
7843 
55348 
67368 
91022 
89947 
26947 
33453 
62078 
78252 
78338 
82149 
45467 
75753 
59334 
21850 
79004 
22543 
47206 
17903 
93725 
6242 
24538 
56726 
28966 
98752 
71585 
46374 
57451 
7908 
76564 
58002 
29375 
26312 
67132 
24157 
98322 
18800 
90973 
68091 
59858 
74548 
48747 
59385 
80798 
34418 
39173 
66916 
14968 
47108 
23495 
68684 
73167 
155 
67773 
53729 
8751 
19276 
35060 
30961 
94479 
85792 
33262 
3555 
6438 
48580 
64045 
10537 
37569 
39421 
21874 
86698 
60178 
59020 
45099 
98322 
3884 
29171 
92918 
70048 
36595 
55193 
29983 
16945 
30826 
68397 
2724 
94751 
77394 
91606 
6734 
28866 
13162 
83357 
17414 
38582 
99996 
2254 
58895 
25482 
11633 
93024 
45272 
33424 
39939 
41807 
50148 
52538 
71215 
66751 
40611 
41432 
75951 
62017 
55287 
57347 
76309 
29907 
13603 
31043 
74432 
12239 
83843 
22233 
64780 
69683 
47261 
85529 
40196 
31021 
54180 
51366 
7857 
72603 
52921 
22549 
27712 
4751 
72517 
86057 
43332 
40610 
22770 
31519 
24589 
57259 
39455 
70193 
50738 
47570 
92338 
53446 
33042 
39708 
30981 
75313 
53108 
11115 
80590 
23560 
31871 
38417 
33509 
34290 
82924 
5729 
51160 
61728 
88222 
94143 
8259 
97655 
18696 
40873 
51433 
19895 
81416 
21098 
30828 
64878 
73339 
82503 
84617 
54178 
66499 
50211 
12910 
34900 
96269 
46810 
35814 
95698 
15769 
74006 
73705 
75646 
28240 
97451 
83960 
9657 
5764 
36171 
89915 
74995 
72143 
24123 
17086 
92057 
36008 
31976 
36406 
15357 
81437 
63414 
23562 
57355 
55835 
7927 
81742 
21700 
67687 
58197 
16186 
22926 
9173 
10999 
86012 
40702 
21751 
96939 
61784 
1519 
1848 
75886 
34358 
69549 
82382 
12383 
58348 
75622 
32006 
19572 
36065 
6685 
32341 
2922 
3799 
65082 
54667 
6050 
74140 
22205 
56525 
67520 
12184 
82980 
66677 
79468 
53131 
70170 
26075 
93403 
49830 
69274 
2792 
47312 
19126 
99180 
39604 
27515 
3533 
19261 
24844 
66918 
63424 
83026 
2116 
11629 
46681 
97333 
31111 
81699 
14438 
12384 
34671 
47876 
45736 
85115 
39722 
71611 
68387 
30235 
69004 
8401 
50314 
20113 
1409 
18235 
98471 
68497 
5549 
45805 
10360 
71108 
13315 
52888 
86812 
53231 
93933 
69358 
75140 
79838 
4750 
74721 
85870 
30184 
73400 
26225 
51635 
39201 
44610 
44410 
53203 
79960 
75311 
77012 
56772 
61351 
18586 
7472 
86291 
80290 
209 
78224 
97574 
6034 
15972 
32198 
40328 
43638 
34631 
88847 
94480 
65850 
66562 
5080 
97596 
59442 
36326 
83260 
64858 
50082 
60142 
63443 
91653 
39935 
69282 
36208 
96623 
67338 
2 
74432 
90936 
4999 
15842 
96039 
16931 
99926 
60137 
67426 
4313 
74208 
97862 
67947 
23000 
98248 
89847 
32461 
27466 
8112 
63388 
89517 
79381 
16067 
21742 
26803 
42558 
59719 
82867 
49430 
2425 
80295 
60112 
74229 
18711 
86480 
97770 
32814 
12538 
1342 
93983 
67641 
77174 
94179 
81556 
4101 
30212 
60180 
29040 
22471 
10393 
9512 
89792 
86948 
4008 
84368 
87850 
98858 
80750 
74320 
52007 
26058 
49247 
10248 
92369 
11626 
76934 
81705 
81307 
17431 
33109 
19640 
75322 
89539 
71472 
52657 
85591 
27813 
61957 
57042 
45465 
36960 
9591 
24244 
37852 
37991 
81528 
37319 
70950 
28026 
86668 
81729 
75757 
81587 
41857 
19328 
86680 
46712 
5764 
69821 
61840 
43918 
97863 
93819 
99574 
72120 
54675 
94481 
2080 
48198 
3218 
39541 
22434 
76652 
6297 
16675 
44658 
74744 
37658 
8213 
65387 
8877 
9885 
28005 
44234 
39146 
86307 
49844 
50420 
48962 
67683 
36084 
44049 
50717 
2174 
13372 
30727 
31762 
73382 
59133 
59588 
742 
43579 
75995 
85412 
84266 
89966 
26606 
9064 
74213 
92315 
92376 
20724 
47800 
19919 
1157 
96993 
13842 
58669 
5841 
48116 
34992 
4133 
32541 
46452 
20457 
56745 
7150 
12385 
37203 
58747 
29901 
88077 
63485 
10112 
89785 
73852 
61900 
29784 
20487 
41578 
32878 
25363 
34687 
3059 
51251 
94587 
36977 
50001 
82543 
20116 
22017 
87132 
52620 
77365 
67949 
81253 
25804 
57953 
15180 
37298 
18760 
38072 
47265 
24722 
22320 
27816 
17358 
3787 
71545 
75329 
47471 
3764 
10257 
16032 
42810 
38134 
65538 
75635 
14109 
79497 
25566 
91856 
91953 
21689 
57021 
87318 
88160 
95883 
68348 
74868 
63820 
80197 
673 
25692 
68857 
93159 
17537 
37205 
75839 
56877 
69430 
92995 
836 
79578 
76367 
43888 
22333 
30516 
59839 
54185 
7064 
46397 
8348 
54172 
94208 
56634 
50441 
89613 
49481 
78920 
79261 
45443 
15369 
26276 
16661 
85541 
49970 
95502 
84260 
98334 
61522 
54802 
7115 
83279 
54262 
53106 
78553 
27347 
96590 
95774 
194 
43660 
88125 
63778 
24586 
79436 
82586 
72436 
65590 
73304 
41687 
2812 
4334 
14812 
68967 
22807 
10015 
89688 
32146 
82976 
86320 
93398 
77146 
37417 
6641 
13621 
39181 
35178 
76666 
74405 
57700 
2567 
43878 
3948 
98757 
32582 
42144 
94168 
9833 
68762 
99265 
1676 
13198 
58967 
73725 
92958 
53644 
40129 
72815 
18116 
66535 
4935 
64340 
75040 
60103 
68094 
75664 
13060 
33968 
16817 
65163 
11685 
70387 
72205 
31383 
61894 
30087 
76363 
44487 
33559 
1022 
97892 
90840 
93644 
99034 
34129 
10277 
21325 
75254 
37236 
33174 
76217 
13045 
82719 
60903 
25430 
61218 
77834 
23038 
388 
56177 
4664 
10986 
49982 
23495 
65214 
92286 
56342 
90620 
41748 
58155 
43920 
5058 
41974 
83781 
42568 
22109 
37963 
50164 
30665 
5290 
92158 
41980 
12398 
36921 
6525 
47462 
8052 
55163 
42919 
60692 
33362 
52599 
95520 
74049 
67782 
98512 
64350 
69852 
75341 
30573 
9576 
33179 
66745 
11048 
46455 
99097 
35852 
6738 
11162 
82348 
12915 
3917 
9425 
16714 
82052 
57036 
98071 
36660 
21312 
9104 
54525 
88245 
82666 
72843 
48917 
79024 
32977 
47750 
17532 
67907 
17225 
49100 
6454 
96579 
13562 
57286 
13333 
73586 
86075 
48063 
64143 
59759 
47415 
47092 
71202 
16557 
61288 
40326 
53959 
4461 
58792 
921 
52407 
33074 
39958 
46015 
42137 
75458 
15494 
64435 
60762 
28801 
53571 
69424 
59203 
8812 
69403 
82995 
7599 
51129 
35615 
63821 
25220 
59217 
29821 
25021 
16599 
44725 
75632 
69759 
74814 
3021 
29582 
99537 
61045 
15232 
9484 
74702 
76678 
28889 
44811 
95173 
26632 
81650 
19524 
11044 
48201 
3857 
79648 
85092 
1613 
39069 
90858 
87228 
97032 
24270 
78513 
80668 
29639 
31230 
77376 
49269 
55994 
20860 
48734 
74174 
13826 
30825 
37023 
69098 
21545 
56976 
32464 
37674 
8952 
28643 
79312 
97201 
59475 
21790 
14255 
59171 
69723 
62082 
16133 
45700 
47293 
40898 
97279 
64888 
87506 
79127 
31052 
13487 
59684 
23171 
65671 
10736 
37466 
98811 
78699 
96369 
13973 
91205 
61455 
57118 
65800 
63231 
10652 
15722 
91967 
81545 
80263 
97964 
76774 
27021 
15595 
21554 
52981 
76766 
76299 
78953 
65383 
58838 
31070 
97740 
29047 
96853 
50304 
6545 
20088 
82165 
56959 
44044 
96015 
54778 
81165 
8818 
58886 
99460 
68148 
99023 
4951 
95287 
91237 
64247 
43900 
39615 
