56501 
11110 
40225 
9658 
45769 
52843 
69617 
54053 
79805 
1980 
31610 
74341 
34142 
66832 
27514 
49387 
72798 
91086 
23641 
57543 
56639 
68259 
67467 
53581 
39084 
58110 
80536 
25017 
60718 
1660 
44838 
31537 
12541 
54908 
23404 
23460 
13062 
59869 
18659 
2311 
95392 
75731 
4860 
42557 
76821 
23210 
31577 
11340 
77407 
41443 
98618 
10126 
54217 
23348 
88627 
74981 
75881 
16802 
11766 
20450 
43897 
96643 
40284 
93240 
96599 
54189 
98637 
48661 
16546 
3641 
54013 
4795 
17554 
94319 
51443 
40783 
45994 
73258 
81801 
51076 
17680 
75487 
52578 
40932 
17673 
51237 
56222 
88226 
47317 
33197 
57911 
47665 
47410 
99355 
71101 
49145 
26645 
42143 
60609 
62355 
32886 
56984 
75439 
25420 
39266 
21021 
64475 
82895 
98275 
36518 
68931 
38012 
7170 
58222 
91628 
16156 
89682 
14241 
79365 
17350 
57507 
97180 
12180 
77820 
20231 
76482 
50630 
77667 
92342 
56111 
92536 
80864 
68014 
76339 
17903 
16940 
37998 
82644 
65516 
4927 
65005 
95661 
6350 
12808 
81517 
64517 
72773 
63025 
75141 
83504 
57491 
37902 
10608 
50689 
9626 
44149 
55912 
37958 
42646 
8580 
38702 
79571 
80891 
84158 
72100 
32022 
28584 
44489 
29612 
21620 
87858 
18448 
31037 
19213 
56519 
8369 
8253 
52685 
20360 
93609 
86461 
73771 
8202 
84170 
96644 
40323 
62630 
11273 
10035 
29560 
76846 
78514 
91621 
44600 
22660 
90811 
84596 
7372 
96364 
55067 
18538 
46765 
15044 
92106 
23327 
25379 
65953 
64372 
83653 
42600 
70186 
202 
77443 
59140 
87276 
87916 
66875 
89713 
57080 
71817 
16197 
83821 
65381 
26659 
98788 
57300 
33958 
77681 
42403 
12095 
89955 
21956 
34471 
38380 
78049 
12212 
744 
80007 
15661 
13776 
36637 
96036 
20184 
42871 
67975 
99979 
30355 
44361 
53527 
311 
30844 
28333 
11874 
97108 
58587 
45667 
84406 
75311 
70546 
87816 
78167 
42741 
19999 
32274 
67203 
11999 
3666 
78510 
20943 
71509 
64631 
56548 
61395 
96153 
88502 
70452 
23878 
63532 
50582 
55031 
54142 
10105 
83548 
10048 
82628 
34855 
47265 
33171 
99293 
31205 
91164 
47207 
72139 
56101 
26694 
89414 
57953 
54035 
69760 
13105 
93317 
2356 
68107 
25087 
53781 
85853 
94939 
73486 
69644 
59267 
80754 
98159 
23274 
69751 
5596 
98569 
24627 
32718 
29573 
8798 
65084 
65226 
60881 
21257 
47132 
50432 
48598 
46505 
96154 
23804 
13401 
77929 
86806 
70864 
17840 
7757 
38982 
84832 
74643 
40760 
26638 
93234 
77559 
21282 
3976 
66633 
98321 
55953 
66332 
57258 
31936 
1722 
35845 
90642 
94316 
14493 
49366 
38202 
79740 
28615 
16120 
4836 
31791 
78252 
69420 
26637 
64759 
57675 
74363 
2799 
77126 
87851 
42406 
97057 
38884 
51059 
69344 
25747 
72653 
15406 
3752 
80002 
65188 
80126 
60419 
72462 
98910 
61598 
96754 
40664 
57721 
28693 
50561 
21627 
47244 
65850 
7508 
87914 
63106 
56699 
40975 
6323 
3130 
96527 
62776 
89523 
60552 
66708 
83017 
93102 
65146 
41951 
33581 
26327 
57666 
18527 
86349 
25819 
43769 
47057 
46494 
64217 
28363 
78996 
60449 
24877 
419 
26990 
79138 
40913 
98178 
96862 
56109 
45858 
55689 
54638 
94625 
85063 
13167 
8056 
42457 
78298 
59916 
71971 
89940 
29083 
89529 
11713 
42046 
5809 
67381 
18649 
89677 
82546 
62604 
83845 
22048 
15688 
49229 
51392 
36681 
63332 
70263 
87937 
21446 
80485 
91708 
42915 
60441 
69975 
36160 
62717 
20335 
47474 
81951 
99892 
12612 
64591 
30627 
44738 
96069 
76964 
38008 
93274 
35289 
12961 
93263 
83052 
65136 
94109 
22131 
30903 
96466 
92884 
53283 
40695 
97950 
99256 
31754 
11753 
66792 
44824 
6437 
65164 
5015 
32206 
7808 
50019 
48798 
66377 
3707 
48637 
12162 
60305 
39666 
56648 
76177 
45903 
91529 
11636 
22921 
8372 
10238 
48868 
48288 
55820 
7499 
59952 
1298 
49144 
84051 
39841 
86180 
2973 
57324 
33654 
87842 
96527 
61197 
73188 
39000 
89328 
57299 
35730 
87522 
31406 
82027 
71842 
15868 
95488 
59482 
47157 
65717 
86324 
53039 
67453 
60827 
69656 
9971 
24483 
42394 
42375 
95916 
94992 
12159 
67342 
41838 
99442 
37913 
3893 
70837 
78391 
58644 
35676 
77410 
26715 
50 
1749 
18907 
42330 
34076 
438 
65964 
68028 
65235 
68519 
51187 
83081 
84270 
97372 
99141 
9175 
73160 
65362 
14678 
25085 
82457 
59223 
54405 
81934 
56578 
35619 
67666 
29390 
32671 
89105 
18710 
78593 
45015 
97045 
81517 
7199 
9659 
4581 
49858 
19572 
21184 
83029 
11120 
5328 
41340 
47909 
23788 
77060 
1313 
18996 
34928 
12446 
67632 
71143 
42767 
33052 
75854 
12346 
71227 
41939 
35091 
27558 
13795 
20423 
96572 
92039 
86141 
20495 
73627 
1980 
80443 
70169 
64138 
67788 
78768 
45647 
59671 
32316 
73191 
751 
52342 
52518 
8465 
68844 
52673 
2029 
6603 
60560 
94748 
40445 
53996 
26083 
95727 
19148 
15670 
14988 
75562 
71902 
28887 
1493 
31774 
86327 
6541 
30176 
3368 
61282 
2581 
33521 
40193 
60116 
79092 
27350 
97935 
71827 
39304 
60089 
24049 
79675 
79973 
62991 
47844 
4710 
93797 
6094 
64388 
85694 
97362 
20699 
3615 
51099 
1342 
13490 
1114 
19430 
33707 
57419 
49668 
56979 
59711 
64047 
63838 
47612 
6965 
1204 
4309 
60831 
20483 
32831 
12839 
46482 
7685 
19684 
63911 
41100 
50385 
1374 
62555 
12769 
2791 
15820 
4530 
87976 
15912 
56919 
69311 
35195 
23097 
96688 
71727 
36056 
82569 
75127 
49383 
21396 
87593 
89240 
19604 
61174 
98787 
58503 
61588 
84503 
98780 
3992 
57999 
40735 
56539 
91116 
74254 
76597 
9071 
82956 
21972 
41946 
51687 
7973 
8958 
90922 
44868 
12751 
87970 
9896 
4550 
81103 
51202 
84506 
27535 
31970 
22657 
21491 
18465 
98775 
29684 
71515 
33749 
14743 
44636 
64745 
85063 
81189 
40018 
36292 
27890 
63599 
64743 
51915 
98042 
71366 
3750 
97487 
7752 
85432 
25632 
63635 
54030 
67279 
28130 
27772 
77531 
79793 
69862 
38120 
63385 
44889 
20763 
70823 
55666 
8878 
6077 
15544 
13055 
41101 
87797 
15626 
55972 
98568 
76210 
58037 
77018 
61721 
39523 
56080 
9564 
31565 
5794 
82431 
80532 
54358 
32424 
9015 
51384 
39217 
14306 
39694 
85329 
71658 
13516 
95955 
32126 
86610 
8310 
92048 
40763 
37801 
80847 
22807 
74113 
54385 
20537 
38724 
9723 
25606 
10796 
220 
18158 
33272 
95062 
40061 
75198 
85565 
27845 
9862 
82439 
91312 
32734 
23476 
71826 
27966 
99919 
16524 
33579 
10787 
80300 
82351 
11381 
19277 
24737 
97040 
49241 
85047 
25197 
23188 
6632 
49447 
55681 
65982 
3483 
40489 
51507 
44418 
90593 
19709 
32343 
69427 
12174 
64477 
35735 
81733 
59574 
74242 
28076 
34696 
27756 
55342 
13384 
86517 
97901 
24102 
89066 
43719 
82552 
70992 
88922 
40810 
13577 
6138 
98660 
56905 
71025 
77510 
5951 
70216 
11269 
62184 
88354 
82218 
30453 
17352 
56366 
96557 
66406 
55586 
82600 
65324 
49399 
68526 
96672 
76793 
19241 
89846 
37436 
35577 
80139 
31073 
6356 
75561 
38157 
7006 
52709 
35143 
29192 
34032 
56067 
22058 
50705 
52898 
59712 
32090 
62057 
97110 
49288 
35952 
17558 
44865 
29783 
35440 
9920 
1500 
22404 
44963 
52554 
35915 
49805 
84651 
9997 
53061 
51911 
26872 
87012 
15587 
12996 
26378 
21496 
86784 
