92935 
91224 
81466 
77912 
89629 
81462 
63746 
58701 
93669 
16646 
72698 
8791 
25250 
85041 
13317 
66985 
33240 
65501 
90151 
82255 
79879 
16409 
98484 
79659 
95716 
37927 
73182 
76285 
33016 
56431 
61799 
33697 
5275 
8834 
72003 
57757 
41590 
18184 
31106 
17627 
58951 
18282 
15173 
16156 
37709 
92833 
72719 
49361 
86374 
75663 
88134 
66036 
83746 
99659 
72104 
48711 
53056 
58550 
66444 
65030 
8483 
8796 
17076 
57501 
21421 
47479 
41083 
46328 
48003 
68689 
78707 
56881 
46948 
19684 
78854 
16470 
33574 
13829 
23841 
26100 
47424 
67802 
31511 
85327 
43447 
30297 
85291 
36799 
40986 
67510 
67020 
25584 
79648 
89212 
55078 
11114 
24229 
82222 
24086 
45680 
44141 
89776 
5120 
61114 
40838 
79986 
40954 
61363 
89151 
87495 
12960 
92232 
75675 
49111 
65921 
29164 
70493 
2543 
64159 
11272 
91393 
33966 
79741 
74340 
44404 
14292 
29541 
83361 
78427 
24918 
71906 
53815 
44731 
90137 
56514 
77549 
35984 
55997 
8335 
37352 
41190 
74848 
80482 
23420 
75173 
77409 
18390 
33194 
28612 
23903 
28344 
28933 
39132 
3386 
39202 
22052 
8096 
85114 
56038 
9048 
98223 
68344 
73298 
97126 
14686 
7876 
10248 
94106 
20801 
69599 
3612 
145 
74388 
29130 
49165 
65384 
83537 
10997 
20452 
72113 
13876 
31189 
13345 
86903 
55855 
8692 
51451 
65501 
66051 
5552 
95009 
70397 
33869 
67295 
17242 
6728 
38542 
63783 
10235 
40786 
87963 
23837 
87025 
74533 
63889 
43469 
5623 
24705 
1459 
89276 
96979 
31073 
68107 
83451 
89870 
91599 
34512 
55112 
47279 
80253 
66145 
27926 
53751 
92809 
79019 
27834 
78171 
12182 
86665 
64842 
84210 
35735 
55535 
39536 
43227 
98119 
80230 
56939 
96887 
74738 
64396 
67309 
94129 
83337 
57986 
56786 
13343 
72264 
28320 
8859 
87108 
95738 
58678 
77469 
39362 
79693 
33388 
53822 
25285 
87147 
15195 
30119 
66961 
81867 
15130 
28872 
71021 
70199 
75499 
46495 
37913 
2696 
1956 
90473 
36411 
72124 
14826 
11332 
56652 
49619 
56088 
93189 
87953 
23249 
35554 
27493 
64172 
73553 
15917 
96614 
77542 
93953 
73554 
52710 
58640 
7386 
72287 
35092 
36204 
44182 
40183 
99852 
44573 
40697 
4427 
85045 
21534 
87915 
76946 
68414 
19513 
48285 
40100 
68380 
94701 
96621 
65431 
79160 
84401 
9447 
50621 
60769 
82447 
39907 
69546 
81487 
7539 
97329 
47282 
77390 
50313 
24162 
40115 
72569 
64951 
33590 
46706 
86241 
41394 
83901 
48254 
52882 
94548 
1446 
97785 
2173 
91421 
47078 
86732 
82055 
40623 
71144 
14529 
54224 
44464 
94151 
55896 
15600 
80169 
15617 
39565 
33086 
70243 
46420 
71183 
51714 
5245 
43308 
36513 
87876 
11653 
92127 
98435 
29046 
62794 
31326 
9928 
77952 
64195 
46909 
4403 
74850 
1493 
7953 
63543 
21907 
91778 
55668 
43504 
5513 
96636 
24492 
48203 
62168 
50656 
59398 
50890 
65960 
32425 
88729 
16108 
29785 
50330 
18949 
90096 
98534 
33487 
59174 
8443 
57509 
32550 
97677 
17304 
84243 
33802 
25473 
18519 
84822 
61646 
97833 
29538 
18070 
80441 
52601 
40813 
71757 
68469 
50525 
74801 
22057 
61240 
35854 
22918 
3127 
32305 
91921 
99315 
8649 
88090 
3257 
25158 
61831 
81812 
89100 
59108 
65420 
88312 
17198 
87476 
99306 
87831 
28077 
59803 
45809 
57988 
13684 
11436 
75827 
1559 
42195 
47121 
12479 
6375 
13930 
37840 
26452 
59890 
2412 
82731 
92141 
72499 
66948 
34993 
77126 
32663 
74085 
18760 
19363 
2229 
4537 
8945 
29918 
92853 
24128 
43926 
90365 
83146 
75011 
5378 
12699 
64673 
6387 
59923 
6763 
62109 
54220 
36287 
2610 
36044 
26197 
59178 
32323 
95334 
40203 
73299 
13077 
21401 
67024 
15389 
80583 
45327 
96141 
56290 
78457 
95858 
16940 
59367 
73399 
42808 
75400 
80332 
42055 
99091 
39651 
72818 
41759 
22066 
27822 
1550 
89123 
58407 
42913 
13513 
62364 
9623 
25120 
92070 
93252 
3674 
43419 
23630 
5104 
8310 
9640 
50692 
45700 
82176 
79933 
18903 
44026 
18127 
68948 
94298 
17896 
52439 
86589 
32759 
19654 
26845 
82542 
42763 
29575 
18247 
64864 
81341 
95425 
66045 
40922 
90797 
59889 
37949 
36313 
94230 
88328 
71026 
62250 
380 
89182 
92159 
82501 
83139 
46375 
54587 
63483 
12055 
50176 
953 
46078 
52668 
63787 
5657 
23341 
8153 
18787 
36743 
69355 
14264 
74728 
49363 
94282 
86897 
13573 
21106 
73280 
21314 
18648 
71071 
68095 
9133 
97437 
38322 
67125 
40268 
89367 
5468 
76111 
55113 
30028 
98780 
29495 
59487 
88963 
38364 
23563 
4131 
22858 
32927 
64140 
82866 
27369 
90950 
99780 
51932 
11629 
68127 
54182 
83132 
64736 
94437 
34608 
21558 
28086 
50587 
25409 
2069 
29071 
39884 
74871 
35768 
49497 
12538 
57783 
63006 
64920 
73078 
53541 
20599 
80017 
65670 
99576 
64734 
92438 
87024 
68935 
41363 
72510 
89616 
88036 
65247 
13823 
5120 
51588 
20366 
89811 
84369 
24039 
20100 
85056 
84219 
50848 
79906 
42016 
99268 
24338 
77909 
1581 
58933 
51290 
86138 
64692 
59215 
75094 
65671 
78412 
67896 
52543 
94262 
10190 
89531 
11589 
3429 
52835 
19739 
42656 
46994 
68303 
70950 
4928 
17590 
72444 
61348 
17591 
95831 
78623 
97726 
23990 
38053 
3855 
76491 
71022 
36458 
99337 
21280 
67765 
96824 
90683 
95814 
53539 
24475 
24660 
57208 
11067 
68946 
36345 
98403 
92267 
98974 
31233 
23945 
10120 
98092 
67195 
51078 
59633 
7266 
74373 
96510 
73325 
63515 
24495 
40294 
41630 
34178 
99821 
97105 
53452 
15679 
84474 
74144 
51788 
7192 
77783 
55348 
99533 
29893 
79690 
55452 
95144 
66802 
55464 
82561 
8665 
63857 
30332 
7467 
13684 
19762 
53113 
68014 
56483 
54996 
94045 
77443 
99475 
44662 
60056 
42828 
81314 
52941 
18993 
62209 
67527 
68514 
92808 
62374 
74030 
73279 
83474 
28158 
41234 
37453 
46554 
46387 
53938 
72864 
604 
42865 
76821 
23158 
76596 
18798 
90350 
52753 
30549 
84743 
37741 
20369 
84406 
73226 
43674 
48694 
70108 
97036 
68157 
12987 
76762 
30490 
98374 
87664 
53341 
33225 
64016 
32403 
45271 
76220 
98333 
20542 
68083 
74212 
16686 
43068 
2443 
55041 
75512 
16220 
83540 
34449 
5632 
4580 
2523 
39587 
6685 
40620 
76260 
66741 
65924 
14967 
91850 
10729 
4946 
57601 
75156 
59861 
54326 
68239 
26352 
83768 
42441 
12965 
75150 
99313 
53393 
90163 
59118 
79012 
2699 
49316 
8983 
63542 
19560 
86751 
22823 
64301 
80199 
92423 
14826 
55506 
80988 
82774 
28848 
29967 
65408 
21253 
12818 
47010 
26158 
78628 
45394 
75779 
80917 
73756 
84215 
49369 
56175 
26331 
4229 
52527 
91473 
5816 
67018 
14607 
99885 
63148 
93380 
2718 
48851 
15987 
32804 
22369 
79991 
52675 
37254 
51764 
30506 
93694 
82729 
48401 
32884 
43557 
76598 
48671 
34254 
27475 
28016 
97602 
50528 
16475 
2845 
57228 
34035 
44445 
93465 
74259 
3864 
53036 
86716 
33353 
8629 
67692 
69444 
42783 
48328 
96092 
1545 
53273 
78861 
45066 
78158 
77943 
825 
1086 
17983 
24745 
10431 
90638 
30870 
7192 
49597 
89321 
32178 
25714 
48172 
24533 
43539 
13175 
45223 
25371 
548 
82411 
75104 
93339 
7132 
71237 
26794 
78064 
68240 
68508 
64554 
48140 
30332 
62947 
28450 
63768 
16483 
3971 
47458 
23651 
82114 
60844 
23819 
